Resultados images sin solución 1:
MAE: 0.9692052934567134
MSE: 8.793164529267042
R-squared: -603.7108028585833
MAPE: 478.5142751789102
RMSE: 2.9653270526650246
Explained Variance: 2.220446049250313e-16

Resultados imágenes sin solución 2: (Sobre set de entrenamiento)
MAE: 1.2795428390158126
MSE: 2.9775827000334893
R-squared: -6381.12893538661
MAPE: 105.88691565435511
RMSE: 1.7255673559828053
Explained Variance: -0.05283546468836442

RESULTADOS SET DE ENTRENAMIENTO TSP SIN SOLUCIÓN:

MAE: 1.3313385208367714
MSE: 6.11208362274493
R-squared: -13198.794403795097
MAPE: 155.71280449308583
RMSE: 2.472262854703142
Explained Variance: -1.1869773104230137

RESULTADOS SET DE TESTEO TSP SIN SOLUCIÓN:

MAE: 1.2773471333796513
MSE: 2.898382965221324
R-squared: -1506.821597705623
MAPE: 125.88708706101332
RMSE: 1.7024637926315274
Explained Variance: 4.440892098500626e-16