RESULTADOS SET DE ENTRENAMIENTO TSP CON SOLUCIÓN:

MAE: 1.2678163721868423
MSE: 2.8191333069937974
R-squared: -6087.264223141835
MAPE: 119.51668802387911
RMSE: 1.6790274884568737
Explained Variance: -0.007149345942662588

RESULTADOS SET DE TESTEO TSP CON SOLUCIÓN:

MAE: 1.2773471333796513
MSE: 2.898382965221324
R-squared: -1506.821597705623
MAPE: 125.88708706101332
RMSE: 1.7024637926315274
Explained Variance: 4.440892098500626e-16